39439
39448
39449
39493
39528
39552
39583
39606
39647
39658
39661
39665
39676
39678
39713
39721
39722
39750
39759
39782
39783
39793
39799
39812
39815
39816
39828
39841
39844
39850
39857
39886
39892
39923
39929
39959
39973
40001
40005
40017
40028
40029
40056
40059
40072
40082
40117
40140
40147
40150
40151
40170
40177
40179
40182
40188
40197
40211
40213
40214
40222
40225
40228
40240
40258
40270
40277
40290
40295
40297
40305
40306
40332
40364
40368
40392
40408
40467
40483
40486
40526
40533
40559
40567
40579
40589
40595
40610
40633
40637
40640
40650
40664
40673
40703
40720
40723
40740
40743
40767
40772
40778
40782
40786
